Harris Detector Output 

The code generates corner points using Harris Corner Detector

window of size 5, k = 0.04, tau = 10000




To Run from github:

copy the executable file in bin along with the data folder.
Place both in the sam folder.
click on the executable


Output:

total number of pixels :142884


Top 100 responses (x, y, r)

123  123 10633.8
315  187 10633.8
251  123 10633.8
251  187 10633.8
59  315 10633.8
123  315 10633.8
187  315 10633.8
251  315 10633.8
315  315 10633.8
187  187 10633.8
187  123 10633.8
123  187 10633.8
59  187 10633.8
315  59 10633.8
187  59 10633.8
59  123 10633.8
123  59 10633.8
315  251 10633.8
251  251 10633.8
187  251 10633.8
123  251 10633.8
59  251 10633.8
251  59 10633.8
59  59 10633.8
315  123 10633.8
338  242 0
337  242 0
336  242 0
339  242 0
310  242 0
311  242 0
312  242 0
313  242 0
314  242 0
320  242 0
321  242 0
322  242 0
323  242 0
324  242 0
325  242 0
326  242 0
327  242 0
328  242 0
329  242 0
330  242 0
331  242 0
332  242 0
333  242 0
334  242 0
335  242 0
369  242 0
368  242 0
367  242 0
366  242 0
365  242 0
364  242 0
363  242 0
362  242 0
361  242 0
360  242 0
359  242 0
358  242 0
357  242 0
356  242 0
355  242 0
354  242 0
353  242 0
352  242 0
351  242 0
350  242 0
349  242 0
348  242 0
347  242 0
346  242 0
345  242 0
344  242 0
343  242 0
342  242 0
341  242 0
340  242 0
276  242 0
275  242 0
274  242 0
273  242 0
272  242 0
271  242 0
270  242 0
269  242 0
268  242 0
267  242 0
266  242 0
265  242 0
264  242 0
263  242 0
262  242 0
261  242 0
260  242 0
259  242 0
258  242 0
257  242 0